[
Name=Julia Set (n-tic)
Width=1280
Height=1024
RenderMode=0
nCoeff=0
MaxIterations=1000.000000
BailoutRadius=4.000000
Palette=red_purple_yellow_white_ix4.palette
xmin=-0.410546
xmax=-0.394921
ymin=-0.710156
ymax=-0.697656
var_a=0.798130
var_b=0.318090
var_c=13.000000
var_d=0.000000
]
