[
Name=Julia Set (n-tic)
Width=3440
Height=1440
RenderMode=0
nCoeff=1
MaxIterations=1000.000000
BailoutRadius=4.000000
xmin=-0.125000
xmax=0.125000
ymin=-0.524201
ymax=-0.419549
var_a=0.500000
var_b=0.650000
var_c=4.000000
var_d=0.000000
]
