[
Name=Julia Set (Quintic)
Width=640
Height=640
RenderMode=0
nCoeff=1
MaxIterations=1000.000000
BailoutRadius=4.000000
xmin=0.175000
xmax=0.425000
ymin=-0.787500
ymax=-0.537500
var_a=-0.790000
var_b=0.250000
var_c=0.000000
var_d=0.000000
]
