[
Name=Julia Set (Quintic)
Width=1280
Height=1024
RenderMode=0
nCoeff=0.010000
MaxIterations=1000.000000
BailoutRadius=4.000000
SS=0
SSLevel=1
xmin=0.106250
xmax=0.606250
ymin=-0.868750
ymax=-0.468750
var_a=0.710000
var_b=-0.250000
var_c=0.000000
var_d=0.000000
]
