[
Name=Julia Set (n-tic)
Width=3440
Height=1440
RenderMode=0
nCoeff=1
MaxIterations=1000.000000
BailoutRadius=256.000000
xmin=0.296875
xmax=0.546875
ymin=-0.696076
ymax=-0.591424
var_a=0.830000
var_b=-0.190000
var_c=9.000000
var_d=0.000000
]
