[
Name=Julia Set
Width=3440
Height=1440
RenderMode=0
nCoeff=1
MaxIterations=1000.000000
BailoutRadius=4.000000
xmin=-0.293750
xmax=0.206250
ymin=-0.604651
ymax=-0.395349
var_a=0.300000
var_b=0.450150
var_c=0.000000
var_d=0.000000
]
