[
Name=Julia Set (Quintic)
Width=1280
Height=1024
RenderMode=0
nCoeff=1.000000
MaxIterations=1000.000000
BailoutRadius=4.000000
xmin=0.188281
xmax=0.313281
ymin=-0.967969
ymax=-0.867969
var_a=-0.761300
var_b=0.185700
var_c=0.000000
var_d=0.000000
]
