[
Name=Mandelbrot Cos(z)
Width=3440
Height=1440
RenderMode=0
nCoeff=1.000000
MaxIterations=500.000000
BailoutRadius=4.000000
SS=0
SSLevel=8
Palette=_default_greyscale.palette
xmin=-1.37296511627907
xmax=-1.12296511627907
ymin=-1.12507267441861
ymax=-1.02042151162791
var_a=16
var_b=0
var_c=0
var_d=0
]
