[
Name=Mandelbrot Cos(z^n)
Width=1280
Height=1024
RenderMode=0
nCoeff=1.000000
MaxIterations=100.000000
BailoutRadius=4.000000
SS=0
SSLevel=8
xmin=0.171875
xmax=0.203125
ymin=-0.153125
ymax=-0.128125
var_a=0
var_b=0
var_c=99
var_d=0
]
