[
Name=Mandelbrot
Width=3440
Height=1440
RenderMode=1
nCoeff=1.000000
MaxIterations=1000.000000
BailoutRadius=4.000000
SS=1
SSLevel=32
Palette=random_3.palette
xmin=-0.373343556958576
xmax=-0.368519338208576
ymin=-0.649633206034816
ymax=-0.647613765627839
var_a=-0.7
var_b=0.27015
var_c=0
var_d=0
]
