[
Name=Mandelbrot
Width=3440
Height=1440
RenderMode=1
nCoeff=0.800000
MaxIterations=1000.000000
BailoutRadius=4.000000
xmin=-0.563901
xmax=-0.563750
ymin=-0.643510
ymax=-0.643447
var_a=16.000000
var_b=0.000000
var_c=0.000000
var_d=0.000000
]
