[
Name=Mandelbrot Cos(z^n)
Width=1280
Height=1024
RenderMode=0
nCoeff=1.000000
MaxIterations=100.000000
BailoutRadius=4.000000
SS=0
SSLevel=8
xmin=-0.0375000000000001
xmax=0.0874999999999999
ymin=-0.615625
ymax=-0.515625
var_a=0
var_b=0
var_c=10
var_d=0
]
