[
Name=Julia Set (n-tic)
Width=3440
Height=1440
RenderMode=0
nCoeff=1
MaxIterations=1000.000000
BailoutRadius=4.000000
Palette=blue_white_gold.palette
xmin=-0.180478
xmax=-0.172665
ymin=0.430623
ymax=0.433893
var_a=0.493890
var_b=0.650660
var_c=4.000000
var_d=0.000000
]
