[
Name=Julia Set (n-tic)
Width=3440
Height=1440
RenderMode=1
nCoeff=1
MaxIterations=1000.000000
BailoutRadius=4.000000
Palette=_default_greyscale.palette
xmin=-0.165491
xmax=-0.165247
ymin=0.422584
ymax=0.422686
var_a=0.493990
var_b=0.650960
var_c=4.000000
var_d=0.000000
]
