[
Name=Julia Set (n-tic)
Width=1280
Height=1024
RenderMode=0
nCoeff=1
MaxIterations=1000.000000
BailoutRadius=4.000000
xmin=-0.184766
xmax=-0.122266
ymin=0.412891
ymax=0.462891
var_a=0.493990
var_b=0.650960
var_c=4.000000
var_d=0.000000
]
