[
Name=Julia Set
Width=1280
Height=1024
RenderMode=0
nCoeff=1.000000
MaxIterations=1000.000000
BailoutRadius=4.000000
SS=1
SSLevel=32
Palette=_default_greyscale.palette
GradientDirection=0
IsGradient=0
xmin=-0.403125
xmax=0.096875
ymin=-0.30625
ymax=0.0937500000000001
var_a=-0.03
var_b=0.72015
var_c=0
var_d=0
var_e=0
MorphType=0
Morph=1
MorphB=1
var_morph_a=1E-6
var_morph_b=1E-5
]
