[
Name=Julia Sin(z) + Cos(z)
Width=1280
Height=1024
RenderMode=0
nCoeff=1.000000
MaxIterations=250.000000
BailoutRadius=6.000000
SS=0
SSLevel=32
Palette=grey_yellow_orange_red.palette
GradientDirection=0
IsGradient=0
xmin=0.0883406250000003
xmax=1.658840625
ymin=-1.2956625
ymax=-0.0392625000000001
var_a=-0.85
var_b=-0.75
var_c=2
var_d=0
var_e=0
MorphType=1
Morph=1
MorphA=1
var_morph_a=3E-5
var_morph_b=1E-5
]
