[
Name=Julia Set
Width=1280
Height=1024
RenderMode=0
nCoeff=1.000000
MaxIterations=1000.000000
BailoutRadius=4.000000
SS=1
SSLevel=32
Palette=warm_frost.palette
GradientDirection=0
IsGradient=0
xmin=0.3595703125
xmax=0.6095703125
ymin=-0.2373046875
ymax=-0.0373046875000001
var_a=-0.7
var_b=0.27015
var_c=0
var_d=0
var_e=0
MorphType=0
Morph=1
MorphB=1
var_morph_a=8.2E-6
var_morph_b=2E-5
]
