[
Name=Julia Cos(z)
Width=1280
Height=1024
RenderMode=0
nCoeff=1.000000
MaxIterations=1000.000000
BailoutRadius=4.000000
SS=1
SSLevel=32
Palette=random_11_wild_flames.palette
GradientDirection=0
IsGradient=0
xmin=-0.5265625
xmax=-0.0265625
ymin=-0.220703125
ymax=0.179296875
var_a=-1.59
var_b=0.6861
var_c=0
var_d=0
var_e=0
MorphType=1
Morph=1
MorphA=1
var_morph_a=1.05E-5
var_morph_b=0.0001
]
