[
Name=Julia Sin(z) + Cos(z)
Width=1280
Height=1024
RenderMode=0
nCoeff=1.000000
MaxIterations=250.000000
BailoutRadius=6.000000
SS=0
SSLevel=8
Palette=glorious_red_yellow_green_purple.palette
GradientDirection=0
IsGradient=0
xmin=0.461334375
xmax=1.246584375
ymin=-0.971746875
ymax=-0.343546875
var_a=-0.89
var_b=-0.75
var_c=2
var_d=0
var_e=0
MorphType=1
Morph=1
MorphA=1
var_morph_a=7.2E-5
var_morph_b=0.0001
]
