[
Name=Julia Sin(z) + Cos(z)
Width=1280
Height=1024
RenderMode=0
nCoeff=1.000000
MaxIterations=250.000000
BailoutRadius=6.000000
SS=1
SSLevel=32
Palette=random_10_laser_neon.palette
GradientDirection=0
IsGradient=0
xmin=0.827426513671875
xmax=1.02373901367187
ymin=-0.755343017578125
ymax=-0.598293017578125
var_a=-0.81
var_b=-0.82
var_c=2
var_d=0
var_e=0
MorphType=1
Morph=1
MorphA=1
var_morph_a=9.5E-5
var_morph_b=1E-6
]
