[
Name=Julia Set (Quartic)
Width=3440
Height=1440
RenderMode=0
nCoeff=0.100000
MaxIterations=1000.000000
BailoutRadius=4.000000
SS=0
SSLevel=1
Palette=_default_greyscale.palette
xmin=0.021872
xmax=0.021873
ymin=-0.665792709302326
ymax=-0.665792290697674
var_a=-0.78
var_b=0.14
var_c=0
var_d=0
]
