[
Name=Julia Set (n-tic)
Width=3440
Height=1440
RenderMode=0
nCoeff=1.000000
MaxIterations=200.000000
BailoutRadius=4.000000
SS=0
SSLevel=8
Palette=blue_white_gold.palette
xmin=-1.63368530273438
xmax=-1.62587280273438
ymin=-0.775267986918605
ymax=-0.771997638081395
var_a=0.00669999999999999
var_b=1.031
var_c=-10
var_d=0
]
