[
Name=Julia Set
Width=3440
Height=1440
RenderMode=0
nCoeff=0.500000
MaxIterations=1000.000000
BailoutRadius=4.000000
SS=1
SSLevel=32
Palette=random_7_hsv_rainbows.palette
GradientDirection=0
IsGradient=0
xmin=-0.4072265625
xmax=-0.2822265625
ymin=-0.392178415697675
ymax=-0.339852834302326
var_a=-0.329
var_b=-0.6193
var_c=0
var_d=0
var_e=0
]
