[
Name=Julia Set
Width=3440
Height=1440
RenderMode=0
nCoeff=1.000000
MaxIterations=800.000000
BailoutRadius=4.000000
SS=1
SSLevel=16
Palette=green_red_white_gold.palette
GradientDirection=0
IsGradient=0
xmin=-0.0851596566133719
xmax=-0.0539096566133719
ymin=-0.108165652252907
ymax=-0.0950842569040699
var_a=-1.34
var_b=-0.05985
var_c=0
var_d=0
var_e=0
]
