[
Name=Julia Set (Cubic)
Width=3440
Height=1440
RenderMode=0
nCoeff=1.000000
MaxIterations=1000.000000
BailoutRadius=4.000000
SS=0
SSLevel=1
Palette=blue_white_gold.palette
xmin=0.0493096607921512
xmax=0.0494317311046512
ymin=-0.298343218080033
ymax=-0.298292118879451
var_a=-0.0002
var_b=1.09185
var_c=0
var_d=0
]
