[
Name=Julia Set (n-tic)
Width=1280
Height=1024
RenderMode=0
nCoeff=0.600000
MaxIterations=1000.000000
BailoutRadius=4.000000
Palette=red_orange_blue.palette
xmin=0.366309
xmax=0.428809
ymin=-0.365820
ymax=-0.315820
var_a=0.866718
var_b=-0.290569
var_c=26.000000
var_d=0.000000
]
