[
Name=Julia Set (n-tic)
Width=1280
Height=1024
RenderMode=0
nCoeff=0.400000
MaxIterations=1000.000000
BailoutRadius=4.000000
Palette=blue_white_gold.palette
xmin=0.109375
xmax=0.359375
ymin=-0.940625
ymax=-0.740625
var_a=0.878600
var_b=0.210000
var_c=21.000000
var_d=0.000000
]
