[
Name=Julia Set (Quartic)
Width=1920
Height=1080
RenderMode=0
nCoeff=0.800000
MaxIterations=1000.000000
BailoutRadius=4.000000
SS=0
SSLevel=1
xmin=0.021873
xmax=0.021877
ymin=-0.665794625
ymax=-0.665792375
var_a=-0.78
var_b=0.14
var_c=0
var_d=0
]
