[
Name=Julia Set (Quartic)
Width=1280
Height=1024
RenderMode=0
nCoeff=1.000000
MaxIterations=1000.000000
BailoutRadius=4.000000
SS=0
SSLevel=1
xmin=-2.000000
xmax=2.000000
ymin=-1.600000
ymax=1.600000
var_a=-0.790000
var_b=0.137000
var_c=0.000000
var_d=0.000000
]
