[
Name=Julia Set (Quintic)
Width=3440
Height=1440
RenderMode=0
nCoeff=1
MaxIterations=10000.000000
BailoutRadius=256.000000
xmin=-0.321680
xmax=-0.196680
ymin=-0.108194
ymax=-0.055868
var_a=-0.790000
var_b=0.200000
var_c=0.000000
var_d=0.000000
]
