[
Name=Julia Set (n-tic)
Width=1280
Height=1024
RenderMode=0
nCoeff=0.8
MaxIterations=1000.000000
BailoutRadius=4.000000
xmin=-0.477588
xmax=-0.446338
ymin=-0.617871
ymax=-0.592871
var_a=0.890090
var_b=-0.392020
var_c=21.000000
var_d=0.000000
]
