[
Name=Julia Set (Quartic)
Width=1280
Height=1024
RenderMode=0
nCoeff=1
MaxIterations=1000.000000
BailoutRadius=4.000000
xmin=-0.321875
xmax=0.178125
ymin=-0.831250
ymax=-0.431250
var_a=-0.790000
var_b=0.170000
var_c=0.000000
var_d=0.000000
]
