[
Name=Julia Set (n-tic)
Width=3440
Height=1440
RenderMode=2
nCoeff=0.300000
MaxIterations=2000.000000
BailoutRadius=4.000000
SS=0
SSLevel=8
xmin=0.342005813953489
xmax=0.345912063953489
ymin=-0.629278706395349
ymax=-0.627643531976744
var_a=0.21
var_b=-0.61
var_c=6
var_d=0
]
