[
Name=Julia Set (n-tic)
Width=1280
Height=1024
RenderMode=0
nCoeff=1
MaxIterations=1000.000000
BailoutRadius=4.000000
xmin=0.037500
xmax=0.162500
ymin=-0.790625
ymax=-0.690625
var_a=0.977040
var_b=-0.192000
var_c=44.000000
var_d=0.000000
]
