[
Name=Julia Set (n-tic)
Width=3440
Height=1440
RenderMode=0
nCoeff=1
MaxIterations=1000.000000
BailoutRadius=4.000000
xmin=-0.186719
xmax=0.063281
ymin=-0.915216
ymax=-0.810565
var_a=0.830000
var_b=-0.370000
var_c=21.000000
var_d=0.000000
]
