[
Name=Julia Set
Width=1280
Height=1024
RenderMode=0
nCoeff=1.000000
MaxIterations=1500.000000
BailoutRadius=4.000000
SS=0
SSLevel=8
Palette=random_3.palette
xmin=-0.189508056640625
xmax=-0.185601806640625
ymin=-0.24158935546875
ymax=-0.23846435546875
var_a=-0.79
var_b=0.15
var_c=0
var_d=0
]
