[
Name=Julia Set (n-tic)
Width=3440
Height=1440
RenderMode=0
nCoeff=0.9
MaxIterations=1000.000000
BailoutRadius=4.000000
Palette=red_purple_white.palette
xmin=0.166992
xmax=0.167236
ymin=-0.767110
ymax=-0.767008
var_a=0.800000
var_b=0.324000
var_c=11.000000
var_d=0.000000
]
