[
Name=Julia Set (n-tic)
Width=1280
Height=1024
RenderMode=0
nCoeff=1
MaxIterations=1000.000000
BailoutRadius=4.000000
Palette=_default_greyscale.palette
xmin=-0.479687
xmax=0.020313
ymin=-0.640625
ymax=-0.240625
var_a=0.799900
var_b=0.324600
var_c=11.000000
var_d=0.000000
]
