[
Name=Julia Set (n-tic)
Width=3440
Height=1440
RenderMode=0
nCoeff=1
MaxIterations=1000.000000
BailoutRadius=4.000000
Palette=red_yellow_green.palette
xmin=0.021606
xmax=0.037231
ymin=-0.264000
ymax=-0.257460
var_a=0.800000
var_b=0.323981
var_c=11.000000
var_d=0.000000
]
