[
Name=Julia Set (n-tic)
Width=1280
Height=1024
RenderMode=0
nCoeff=1
MaxIterations=1000.000000
BailoutRadius=4.000000
Palette=blue_white_gold.palette
xmin=-2.000000
xmax=2.000000
ymin=-1.600000
ymax=1.600000
var_a=0.800000
var_b=0.324000
var_c=11.000000
var_d=0.000000
]
