[
Name=Mandelbrot Cos(z^n)
Width=3440
Height=1440
RenderMode=0
nCoeff=1.000000
MaxIterations=100.000000
BailoutRadius=4.000000
SS=0
SSLevel=8
Palette=red_orange_blue.palette
Palette2=random_9_warm_pink.palette
GradientDirection=0
IsGradient=1
xmin=0.59375
xmax=0.65625
ymin=-0.644331395348837
ymax=-0.618168604651163
var_a=0
var_b=0
var_c=8
var_d=0
]
