[
Name=Mandelbrot z^n
Width=3440
Height=1440
RenderMode=0
nCoeff=1.000000
MaxIterations=100.000000
BailoutRadius=4.000000
SS=0
SSLevel=8
xmin=0.228125
xmax=0.353125
ymin=-0.769912790697674
ymax=-0.717587209302326
var_a=0
var_b=0
var_c=11
var_d=0
]
