[
Name=Mandelbrot z^3
Width=1280
Height=1024
RenderMode=0
nCoeff=1.000000
MaxIterations=1000.000000
BailoutRadius=4.000000
SS=0
SSLevel=8
Palette=random_9_warm_pink.palette
xmin=-0.28740234375
xmax=-0.16240234375
ymin=-1.144921875
ymax=-1.044921875
var_a=-0.7
var_b=0.27015
var_c=0
var_d=0
]
