[
Name=Mandelbrot
Width=1280
Height=1024
RenderMode=0
nCoeff=1.000000
MaxIterations=1000.000000
BailoutRadius=4.000000
SS=0
SSLevel=8
Palette=random_3.palette
xmin=-0.37315283203125
xmax=-0.36832861328125
ymin=-0.650157699584961
ymax=-0.646298324584961
var_a=-0.7
var_b=0.27015
var_c=0
var_d=0
]
