[
Name=Mandelbrot
Width=3440
Height=1440
RenderMode=0
nCoeff=1.000000
MaxIterations=1000.000000
BailoutRadius=4.000000
xmin=-0.749585
xmax=-0.748379
ymin=-0.061347
ymax=-0.060842
var_a=16.000000
var_b=0.000000
var_c=0.000000
var_d=0.000000
]
