[
Name=Mandelbrot
Width=640
Height=640
RenderMode=0
nCoeff=1
MaxIterations=1000.000000
BailoutRadius=4.000000
Palette=pastel_interleve_nice.palette
xmin=-2.000000
xmax=0.470000
ymin=-1.220000
ymax=1.220000
var_a=16.000000
var_b=0.000000
var_c=0.000000
var_d=0.000000
]
